              precision    recall  f1-score   support

           1     0.0000    0.0000    0.0000       0.0
           2     0.0000    0.0000    0.0000       0.0
           3     0.0000    0.0000    0.0000       0.0
           5     0.0000    0.0000    0.0000       0.0
           9     0.0000    0.0000    0.0000       0.0
          12     0.0000    0.0000    0.0000       0.0
          13     0.0000    0.0000    0.0000       0.0
          18     0.0000    0.0000    0.0000       0.0
          19     0.0000    0.0000    0.0000       0.0
          20     0.0000    0.0000    0.0000       0.0
          21     0.0000    0.0000    0.0000       0.0
          22     0.0000    0.0000    0.0000       0.0
          23     0.0000    0.0000    0.0000       0.0
          24     0.0000    0.0000    0.0000       0.0
          25     0.0000    0.0000    0.0000       0.0
          26     0.0000    0.0000    0.0000       0.0
          28     0.0000    0.0000    0.0000       0.0
          29     0.0000    0.0000    0.0000       0.0
          31     0.0000    0.0000    0.0000       0.0
          32     0.0000    0.0000    0.0000       0.0
          34     0.0000    0.0000    0.0000       0.0
          38     0.0000    0.0000    0.0000       0.0
          39     0.0000    0.0000    0.0000       0.0
          40     0.0000    0.0000    0.0000       0.0
          42     0.0000    0.0000    0.0000       0.0
          43     0.0000    0.0000    0.0000       0.0
          44     0.0000    0.0000    0.0000       0.0
          45     0.0000    0.0000    0.0000       0.0
          46     0.0000    0.0000    0.0000       0.0
          47     0.0000    0.0000    0.0000       0.0
          48     0.0000    0.0000    0.0000       0.0
          50     0.0000    0.0000    0.0000       0.0
          51     0.0000    0.0000    0.0000 1614182.0

    accuracy                         0.0000 1614182.0
   macro avg     0.0000    0.0000    0.0000 1614182.0
weighted avg     0.0000    0.0000    0.0000 1614182.0
